33,0
34,1
35,2
36,3
37,4
38,5
39,6
40,7
41,8
42,9
43,10
44,11
45,12
46,13
47,14
48,15
49,16
50,17
51,18
52,19
53,20
54,21
55,22
56,23
57,24
58,25
59,26
60,27
61,28
62,29
63,30
64,31
65,32
66,33
67,34
68,35
69,36
70,37
71,38
72,39
73,40
74,41
75,42
76,43
77,44
78,45
79,46
80,47
81,48
82,49
83,50
84,51
85,52
86,53
87,54
88,55
89,56
90,57
91,58
92,59
93,60
94,61
95,62
96,63
97,64
98,65
99,66
100,67
101,68
102,69
103,70
104,71
105,72
106,73
107,74
108,75
109,76
110,77
111,78
112,79
113,80
114,81
115,82
116,83
117,84
118,85
119,86
120,87
121,88
122,89
123,90
124,91
125,92
126,93
19968,94
19969,95
19971,96
19975,97
19976,98
19977,99
19978,100
19979,101
19980,102
19981,103
19982,104
19984,105
19985,106
19987,107
19988,108
19989,109
19990,110
19992,111
19993,112
19994,113
19995,114
19996,115
19997,116
19998,117
20002,118
20004,119
20005,120
20007,121
20008,122
20010,123
20011,124
20012,125
20013,126
20016,127
20018,128
20020,129
20022,130
20024,131
20025,132
20026,133
20027,134
20029,135
20030,136
20031,137
20035,138
20037,139
20039,140
20040,141
20041,142
20043,143
20044,144
20045,145
20046,146
20047,147
20048,148
20050,149
20051,150
20052,151
20054,152
20056,153
20057,154
20060,155
20061,156
20062,157
20063,158
20064,159
20065,160
20070,161
20073,162
20080,163
20081,164
20083,165
20094,166
20102,167
20104,168
20105,169
20107,170
20108,171
20109,172
20110,173
20111,174
20113,175
20114,176
20115,177
20116,178
20117,179
20120,180
20122,181
20123,182
20127,183
20128,184
20129,185
20130,186
20132,187
20133,188
20134,189
20135,190
20136,191
20137,192
20139,193
20140,194
20141,195
20142,196
20146,197
20147,198
20149,199
20154,200
20155,201
20159,202
20160,203
20161,204
20162,205
20163,206
20164,207
20165,208
20166,209
20167,210
20169,211
20170,212
20171,213
20173,214
20174,215
20177,216
20179,217
20180,218
20181,219
20182,220
20183,221
20184,222
20185,223
20189,224
20190,225
20191,226
20193,227
20195,228
20196,229
20197,230
20200,231
20202,232
20203,233
20204,234
20208,235
20210,236
20211,237
20213,238
20214,239
20215,240
20219,241
20221,242
20223,243
20225,244
20233,245
20234,246
20237,247
20238,248
20239,249
20240,250
20241,251
20247,252
20248,253
20249,254
20250,255
20251,256
20254,257
20255,258
20256,259
20258,260
20260,261
20261,262
20262,263
20263,264
20266,265
20267,266
20271,267
20272,268
20274,269
20276,270
20278,271
20280,272
20282,273
20284,274
20285,275
20291,276
20294,277
20301,278
20302,279
20303,280
20304,281
20305,282
20307,283
20309,284
20311,285
20312,286
20313,287
20314,288
20315,289
20316,290
20317,291
20318,292
20319,293
20320,294
20323,295
20324,296
20325,297
20327,298
20329,299
20332,300
20335,301
20336,302
20339,303
20340,304
20342,305
20347,306
20348,307
20350,308
20351,309
20355,310
20356,311
20360,312
20361,313
20363,314
20365,315
20367,316
20369,317
20372,318
20375,319
20379,320
20381,321
20384,322
20387,323
20389,324
20390,325
20391,326
20392,327
20393,328
20394,329
20396,330
20398,331
20399,332
20405,333
20415,334
20419,335
20420,336
20421,337
20426,338
20430,339
20431,340
20432,341
20433,342
20439,343
20440,344
20442,345
20444,346
20445,347
20446,348
20447,349
20449,350
20451,351
20454,352
20456,353
20457,354
20458,355
20461,356
20462,357
20463,358
20465,359
20467,360
20472,361
20474,362
20478,363
20492,364
20493,365
20495,366
20498,367
20500,368
20504,369
20505,370
20506,371
20508,372
20511,373
20513,374
20517,375
20518,376
20520,377
20521,378
20522,379
20524,380
20525,381
20526,382
20538,383
20540,384
20542,385
20547,386
20551,387
20552,388
20556,389
20558,390
20559,391
20565,392
20570,393
20572,394
20581,395
20588,396
20598,397
20599,398
20603,399
20606,400
20607,401
20608,402
20613,403
20616,404
20621,405
20643,406
20645,407
20647,408
20648,409
20649,410
20652,411
20658,412
20666,413
20667,414
20687,415
20694,416
20698,417
20710,418
20711,419
20716,420
20717,421
20718,422
20723,423
20725,424
20731,425
20742,426
20743,427
20747,428
20754,429
20769,430
20799,431
20800,432
20801,433
20803,434
20804,435
20805,436
20806,437
20808,438
20809,439
20811,440
20813,441
20817,442
20820,443
20821,444
20822,445
20826,446
20828,447
20834,448
20837,449
20840,450
20843,451
20844,452
20845,453
20846,454
20848,455
20849,456
20851,457
20852,458
20853,459
20854,460
20855,461
20856,462
20857,463
20859,464
20860,465
20861,466
20864,467
20865,468
20866,469
20869,470
20872,471
20873,472
20876,473
20877,474
20882,475
20885,476
20886,477
20887,478
20889,479
20891,480
20892,481
20896,482
20898,483
20900,484
20901,485
20907,486
20908,487
20911,488
20912,489
20913,490
20914,491
20915,492
20917,493
20918,494
20919,495
20923,496
20924,497
20925,498
20928,499
20932,500
20934,501
20935,502
20937,503
20939,504
20940,505
20943,506
20945,507
20955,508
20957,509
20960,510
20961,511
20964,512
20971,513
20973,514
20975,515
20976,516
20979,517
20981,518
20982,519
20984,520
20985,521
20986,522
20987,523
20988,524
20989,525
20991,526
20992,527
20993,528
20994,529
20995,530
20998,531
20999,532
21000,533
21002,534
21005,535
21006,536
21009,537
21010,538
21014,539
21015,540
21016,541
21017,542
21018,543
21019,544
21021,545
21024,546
21028,547
21032,548
21033,549
21035,550
21037,551
21038,552
21040,553
21043,554
21046,555
21047,556
21048,557
21049,558
21050,559
21051,560
21053,561
21055,562
21056,563
21057,564
21058,565
21059,566
21066,567
21068,568
21069,569
21072,570
21073,571
21076,572
21078,573
21084,574
21086,575
21089,576
21093,577
21095,578
21097,579
21098,580
21103,581
21106,582
21117,583
21119,584
21121,585
21122,586
21128,587
21136,588
21139,589
21147,590
21149,591
21150,592
21151,593
21152,594
21153,595
21154,596
21155,597
21160,598
21161,599
21162,600
21163,601
21164,602
21165,603
21169,604
21170,605
21171,606
21182,607
21183,608
21187,609
21191,610
21193,611
21195,612
21200,613
21202,614
21206,615
21208,616
21215,617
21220,618
21232,619
21241,620
21242,621
21246,622
21247,623
21248,624
21253,625
21254,626
21256,627
21261,628
21263,629
21264,630
21269,631
21270,632
21271,633
21273,634
21274,635
21277,636
21280,637
21281,638
21283,639
21286,640
21290,641
21294,642
21305,643
21306,644
21307,645
21310,646
21311,647
21313,648
21315,649
21317,650
21319,651
21320,652
21321,653
21322,654
21326,655
21327,656
21329,657
21330,658
21331,659
21333,660
21334,661
21335,662
21338,663
21340,664
21342,665
21343,666
21344,667
21345,668
21346,669
21347,670
21348,671
21350,672
21351,673
21353,674
21355,675
21358,676
21359,677
21360,678
21361,679
21363,680
21364,681
21365,682
21367,683
21368,684
21370,685
21375,686
21378,687
21380,688
21381,689
21382,690
21385,691
21387,692
21388,693
21389,694
21397,695
21400,696
21402,697
21405,698
21407,699
21410,700
21411,701
21413,702
21414,703
21416,704
21417,705
21422,706
21430,707
21435,708
21439,709
21441,710
21442,711
21448,712
21449,713
21450,714
21451,715
21452,716
21453,717
21457,718
21460,719
21462,720
21463,721
21464,722
21465,723
21467,724
21471,725
21472,726
21475,727
21476,728
21477,729
21478,730
21480,731
21481,732
21482,733
21483,734
21484,735
21485,736
21486,737
21487,738
21488,739
21489,740
21490,741
21491,742
21493,743
21494,744
21495,745
21496,746
21497,747
21499,748
21500,749
21501,750
21505,751
21507,752
21508,753
21510,754
21512,755
21513,756
21514,757
21516,758
21517,759
21518,760
21519,761
21520,762
21521,763
21522,764
21523,765
21525,766
21526,767
21527,768
21531,769
21533,770
21534,771
21535,772
21536,773
21537,774
21539,775
21542,776
21543,777
21544,778
21545,779
21547,780
21548,781
21549,782
21550,783
21551,784
21553,785
21554,786
21556,787
21557,788
21560,789
21561,790
21563,791
21564,792
21566,793
21568,794
21571,795
21574,796
21576,797
21578,798
21579,799
21584,800
21586,801
21587,802
21588,803
21589,804
21590,805
21591,806
21592,807
21593,808
21595,809
21596,810
21602,811
21604,812
21606,813
21608,814
21617,815
21618,816
21619,817
21621,818
21622,819
21623,820
21624,821
21627,822
21628,823
21629,824
21632,825
21634,826
21636,827
21638,828
21643,829
21644,830
21646,831
21647,832
21648,833
21650,834
21652,835
21653,836
21654,837
21657,838
21658,839
21659,840
21661,841
21667,842
21668,843
21670,844
21671,845
21672,846
21673,847
21674,848
21675,849
21676,850
21677,851
21679,852
21681,853
21683,854
21684,855
21688,856
21691,857
21693,858
21695,859
21696,860
21697,861
21698,862
21700,863
21702,864
21703,865
21704,866
21705,867
21708,868
21709,869
21710,870
21711,871
21712,872
21713,873
21714,874
21715,875
21716,876
21717,877
21719,878
21721,879
21722,880
21724,881
21725,882
21726,883
21727,884
21733,885
21734,886
21735,887
21736,888
21737,889
21738,890
21741,891
21742,892
21746,893
21747,894
21754,895
21756,896
21757,897
21759,898
21761,899
21766,900
21767,901
21769,902
21775,903
21776,904
21777,905
21780,906
21787,907
21792,908
21794,909
21795,910
21796,911
21799,912
21802,913
21804,914
21806,915
21807,916
21808,917
21809,918
21811,919
21815,920
21820,921
21822,922
21823,923
21825,924
21827,925
21828,926
21830,927
21833,928
21834,929
21840,930
21845,931
21846,932
21852,933
21857,934
21860,935
21861,936
21862,937
21863,938
21866,939
21868,940
21869,941
21870,942
21877,943
21878,944
21879,945
21880,946
21883,947
21884,948
21886,949
21888,950
21889,951
21890,952
21891,953
21892,954
21895,955
21896,956
21897,957
21898,958
21899,959
21903,960
21905,961
21908,962
21912,963
21913,964
21916,965
21917,966
21919,967
21927,968
21937,969
21939,970
21941,971
21943,972
21945,973
21947,974
21949,975
21950,976
21956,977
21957,978
21961,979
21964,980
21965,981
21969,982
21970,983
21971,984
21972,985
21974,986
21980,987
21981,988
21983,989
21985,990
21987,991
21988,992
21989,993
21990,994
21992,995
21994,996
21995,997
21996,998
21999,999
22002,1000
22003,1001
22005,1002
22007,1003
22013,1004
22014,1005
22016,1006
22017,1007
22024,1008
22025,1009
22028,1010
22030,1011
22031,1012
22040,1013
22043,1014
22046,1015
22047,1016
22051,1017
22052,1018
22055,1019
22060,1020
22061,1021
22065,1022
22066,1023
22068,1024
22070,1025
22073,1026
22075,1027
22079,1028
22092,1029
22093,1030
22094,1031
22100,1032
22103,1033
22104,1034
22105,1035
22108,1036
22114,1037
22116,1038
22120,1039
22121,1040
22122,1041
22123,1042
22124,1043
22129,1044
22134,1045
22139,1046
22140,1047
22149,1048
22150,1049
22158,1050
22159,1051
22163,1052
22179,1053
22191,1054
22199,1055
22204,1056
22218,1057
22228,1058
22231,1059
22234,1060
22235,1061
22237,1062
22238,1063
22239,1064
22240,1065
22241,1066
22242,1067
22244,1068
22251,1069
22253,1070
22256,1071
22257,1072
22260,1073
22261,1074
22265,1075
22266,1076
22269,1077
22270,1078
22271,1079
22275,1080
22276,1081
22278,1082
22280,1083
22281,1084
22282,1085
22300,1086
22303,1087
22307,1088
22312,1089
22313,1090
22314,1091
22316,1092
22317,1093
22318,1094
22319,1095
22320,1096
22323,1097
22329,1098
22330,1099
22331,1100
22334,1101
22336,1102
22338,1103
22343,1104
22346,1105
22348,1106
22349,1107
22350,1108
22351,1109
22352,1110
22353,1111
22359,1112
22362,1113
22363,1114
22364,1115
22365,1116
22366,1117
22367,1118
22368,1119
22369,1120
22372,1121
22374,1122
22376,1123
22377,1124
22378,1125
22379,1126
22381,1127
22383,1128
22387,1129
22390,1130
22391,1131
22395,1132
22396,1133
22402,1134
22403,1135
22404,1136
22405,1137
22406,1138
22411,1139
22412,1140
22418,1141
22419,1142
22427,1143
22432,1144
22433,1145
22434,1146
22435,1147
22436,1148
22438,1149
22439,1150
22441,1151
22443,1152
22445,1153
22446,1154
22450,1155
22452,1156
22456,1157
22466,1158
22467,1159
22475,1160
22478,1161
22479,1162
22482,1163
22484,1164
22485,1165
22488,1166
22489,1167
22490,1168
22493,1169
22495,1170
22496,1171
22500,1172
22509,1173
22511,1174
22516,1175
22520,1176
22521,1177
22522,1178
22525,1179
22528,1180
22530,1181
22534,1182
22535,1183
22539,1184
22541,1185
22545,1186
22549,1187
22553,1188
22558,1189
22560,1190
22561,1191
22564,1192
22570,1193
22576,1194
22581,1195
22596,1196
22604,1197
22605,1198
22609,1199
22612,1200
22616,1201
22622,1202
22629,1203
22635,1204
22636,1205
22654,1206
22656,1207
22657,1208
22659,1209
22661,1210
22665,1211
22674,1212
22675,1213
22681,1214
22682,1215
22686,1216
22687,1217
22696,1218
22697,1219
22716,1220
22721,1221
22725,1222
22737,1223
22741,1224
22756,1225
22763,1226
22764,1227
22766,1228
22768,1229
22771,1230
22774,1231
22777,1232
22786,1233
22788,1234
22791,1235
22797,1236
22799,1237
22804,1238
22805,1239
22806,1240
22809,1241
22810,1242
22812,1243
22815,1244
22820,1245
22821,1246
22823,1247
22825,1248
22826,1249
22827,1250
22829,1251
22830,1252
22831,1253
22833,1254
22836,1255
22839,1256
22840,1257
22841,1258
22842,1259
22844,1260
22849,1261
22850,1262
22852,1263
22855,1264
22856,1265
22857,1266
22859,1267
22862,1268
22863,1269
22865,1270
22868,1271
22869,1272
22870,1273
22871,1274
22872,1275
22874,1276
22880,1277
22882,1278
22885,1279
22899,1280
22900,1281
22902,1282
22904,1283
22905,1284
22909,1285
22913,1286
22914,1287
22915,1288
22916,1289
22918,1290
22919,1291
22920,1292
22922,1293
22925,1294
22930,1295
22931,1296
22934,1297
22935,1298
22937,1299
22942,1300
22947,1301
22948,1302
22949,1303
22952,1304
22953,1305
22954,1306
22955,1307
22958,1308
22959,1309
22962,1310
22969,1311
22971,1312
22974,1313
22982,1314
22986,1315
22987,1316
22992,1317
22993,1318
22994,1319
22995,1320
22996,1321
22999,1322
23000,1323
23002,1324
23004,1325
23005,1326
23011,1327
23013,1328
23016,1329
23020,1330
23033,1331
23035,1332
23039,1333
23041,1334
23043,1335
23044,1336
23045,1337
23046,1338
23047,1339
23048,1340
23049,1341
23052,1342
23057,1343
23059,1344
23064,1345
23068,1346
23071,1347
23072,1348
23075,1349
23077,1350
23081,1351
23089,1352
23090,1353
23092,1354
23094,1355
23100,1356
23104,1357
23110,1358
23113,1359
23114,1360
23125,1361
23130,1362
23138,1363
23143,1364
23146,1365
23156,1366
23157,1367
23158,1368
23159,1369
23162,1370
23167,1371
23186,1372
23194,1373
23195,1374
23210,1375
23218,1376
23219,1377
23221,1378
23224,1379
23230,1380
23233,1381
23234,1382
23241,1383
23244,1384
23250,1385
23252,1386
23254,1387
23256,1388
23260,1389
23264,1390
23265,1391
23267,1392
23270,1393
23273,1394
23275,1395
23281,1396
23305,1397
23318,1398
23319,1399
23346,1400
23348,1401
23351,1402
23360,1403
23376,1404
23377,1405
23379,1406
23380,1407
23381,1408
23383,1409
23384,1410
23385,1411
23386,1412
23387,1413
23388,1414
23389,1415
23391,1416
23394,1417
23395,1418
23396,1419
23397,1420
23398,1421
23401,1422
23402,1423
23404,1424
23408,1425
23409,1426
23411,1427
23413,1428
23418,1429
23421,1430
23424,1431
23425,1432
23427,1433
23428,1434
23429,1435
23431,1436
23432,1437
23433,1438
23435,1439
23436,1440
23439,1441
23443,1442
23445,1443
23447,1444
23448,1445
23449,1446
23450,1447
23451,1448
23452,1449
23453,1450
23454,1451
23456,1452
23457,1453
23458,1454
23459,1455
23460,1456
23461,1457
23462,1458
23466,1459
23467,1460
23472,1461
23475,1462
23476,1463
23477,1464
23478,1465
23480,1466
23481,1467
23485,1468
23486,1469
23487,1470
23490,1471
23492,1472
23493,1473
23494,1474
23495,1475
23500,1476
23504,1477
23506,1478
23507,1479
23517,1480
23518,1481
23519,1482
23521,1483
23524,1484
23525,1485
23528,1486
23534,1487
23536,1488
23544,1489
23545,1490
23546,1491
23547,1492
23548,1493
23551,1494
23553,1495
23556,1496
23558,1497
23561,1498
23562,1499
23567,1500
23569,1501
23572,1502
23573,1503
23574,1504
23576,1505
23578,1506
23580,1507
23581,1508
23586,1509
23588,1510
23589,1511
23591,1512
23596,1513
23601,1514
23604,1515
23608,1516
23609,1517
23610,1518
23611,1519
23612,1520
23613,1521
23614,1522
23615,1523
23616,1524
23617,1525
23618,1526
23621,1527
23624,1528
23625,1529
23626,1530
23627,1531
23630,1532
23631,1533
23632,1534
23633,1535
23637,1536
23641,1537
23646,1538
23648,1539
23649,1540
23651,1541
23653,1542
23654,1543
23662,1544
23663,1545
23665,1546
23673,1547
23674,1548
23679,1549
23681,1550
23682,1551
23688,1552
23692,1553
23693,1554
23696,1555
23697,1556
23700,1557
23702,1558
23703,1559
23704,1560
23705,1561
23706,1562
23707,1563
23708,1564
23714,1565
23715,1566
23721,1567
23723,1568
23724,1569
23725,1570
23729,1571
23731,1572
23733,1573
23735,1574
23736,1575
23741,1576
23743,1577
23745,1578
23748,1579
23755,1580
23762,1581
23769,1582
23777,1583
23780,1584
23781,1585
23782,1586
23784,1587
23786,1588
23789,1589
23792,1590
23803,1591
23810,1592
23811,1593
23814,1594
23815,1595
23822,1596
23828,1597
23830,1598
23835,1599
23838,1600
23844,1601
23846,1602
23847,1603
23849,1604
23853,1605
23854,1606
23860,1607
23869,1608
23870,1609
23879,1610
23882,1611
23883,1612
23884,1613
23896,1614
23899,1615
23901,1616
23913,1617
23915,1618
23916,1619
23919,1620
23924,1621
23938,1622
23961,1623
23965,1624
23991,1625
24005,1626
24013,1627
24027,1628
24029,1629
24030,1630
24033,1631
24034,1632
24037,1633
24038,1634
24039,1635
24040,1636
24041,1637
24043,1638
24046,1639
24047,1640
24049,1641
24050,1642
24051,1643
24052,1644
24055,1645
24061,1646
24062,1647
24065,1648
24066,1649
24067,1650
24069,1651
24070,1652
24072,1653
24076,1654
24079,1655
24080,1656
24081,1657
24084,1658
24085,1659
24086,1660
24088,1661
24089,1662
24090,1663
24091,1664
24092,1665
24093,1666
24102,1667
24103,1668
24109,1669
24110,1670
24113,1671
24119,1672
24120,1673
24123,1674
24124,1675
24125,1676
24130,1677
24132,1678
24133,1679
24140,1680
24148,1681
24149,1682
24155,1683
24158,1684
24161,1685
24162,1686
24178,1687
24179,1688
24180,1689
24182,1690
24184,1691
24186,1692
24187,1693
24188,1694
24189,1695
24191,1696
24192,1697
24196,1698
24198,1699
24199,1700
24202,1701
24203,1702
24207,1703
24208,1704
24209,1705
24211,1706
24212,1707
24213,1708
24214,1709
24215,1710
24217,1711
24218,1712
24220,1713
24222,1714
24223,1715
24224,1716
24229,1717
24230,1718
24231,1719
24237,1720
24243,1721
24245,1722
24246,1723
24247,1724
24248,1725
24249,1726
24254,1727
24265,1728
24266,1729
24273,1730
24274,1731
24275,1732
24278,1733
24283,1734
24296,1735
24298,1736
24308,1737
24310,1738
24311,1739
24314,1740
24318,1741
24319,1742
24320,1743
24321,1744
24322,1745
24323,1746
24324,1747
24328,1748
24330,1749
24331,1750
24335,1751
24337,1752
24339,1753
24341,1754
24343,1755
24344,1756
24347,1757
24351,1758
24352,1759
24357,1760
24358,1761
24359,1762
24361,1763
24362,1764
24365,1765
24367,1766
24369,1767
24377,1768
24378,1769
24380,1770
24384,1771
24400,1772
24402,1773
24403,1774
24405,1775
24406,1776
24407,1777
24408,1778
24413,1779
24417,1780
24418,1781
24420,1782
24422,1783
24425,1784
24426,1785
24428,1786
24429,1787
24432,1788
24433,1789
24435,1790
24439,1791
24441,1792
24443,1793
24444,1794
24448,1795
24449,1796
24450,1797
24452,1798
24453,1799
24455,1800
24456,1801
24457,1802
24458,1803
24459,1804
24460,1805
24464,1806
24466,1807
24469,1808
24471,1809
24472,1810
24473,1811
24476,1812
24481,1813
24488,1814
24490,1815
24493,1816
24494,1817
24501,1818
24503,1819
24508,1820
24509,1821
24515,1822
24516,1823
24517,1824
24518,1825
24521,1826
24524,1827
24525,1828
24527,1829
24528,1830
24529,1831
24530,1832
24534,1833
24535,1834
24536,1835
24537,1836
24541,1837
24544,1838
24545,1839
24548,1840
24551,1841
24554,1842
24555,1843
24557,1844
24558,1845
24561,1846
24565,1847
24568,1848
24571,1849
24573,1850
24574,1851
24575,1852
24576,1853
24577,1854
24578,1855
24579,1856
24580,1857
24581,1858
24582,1859
24586,1860
24589,1861
24590,1862
24591,1863
24594,1864
24596,1865
24597,1866
24598,1867
24601,1868
24603,1869
24604,1870
24605,1871
24608,1872
24609,1873
24613,1874
24614,1875
24615,1876
24616,1877
24617,1878
24618,1879
24619,1880
24623,1881
24629,1882
24635,1883
24636,1884
24639,1885
24641,1886
24642,1887
24643,1888
24651,1889
24653,1890
24656,1891
24658,1892
24661,1893
24665,1894
24666,1895
24669,1896
24674,1897
24675,1898
24676,1899
24679,1900
24680,1901
24681,1902
24682,1903
24683,1904
24684,1905
24685,1906
24687,1907
24688,1908
24691,1909
24694,1910
24696,1911
24697,1912
24698,1913
24699,1914
24700,1915
24701,1916
24703,1917
24707,1918
24708,1919
24713,1920
24716,1921
24717,1922
24722,1923
24724,1924
24726,1925
24730,1926
24731,1927
24733,1928
24735,1929
24736,1930
24739,1931
24742,1932
24744,1933
24747,1934
24748,1935
24749,1936
24751,1937
24753,1938
24754,1939
24756,1940
24760,1941
24763,1942
24764,1943
24773,1944
24774,1945
24778,1946
24779,1947
24785,1948
24789,1949
24792,1950
24794,1951
24796,1952
24797,1953
24799,1954
24800,1955
24806,1956
24807,1957
24808,1958
24809,1959
24811,1960
24812,1961
24813,1962
24814,1963
24815,1964
24816,1965
24819,1966
24820,1967
24822,1968
24825,1969
24826,1970
24832,1971
24833,1972
24838,1973
24840,1974
24841,1975
24845,1976
24846,1977
24847,1978
24853,1979
24858,1980
24863,1981
24864,1982
24867,1983
24868,1984
24870,1985
24871,1986
24875,1987
24895,1988
24904,1989
24906,1990
24908,1991
24910,1992
24913,1993
24917,1994
24925,1995
24930,1996
24935,1997
24936,1998
24944,1999
24949,2000
24951,2001
24971,2002
24974,2003
24980,2004
24989,2005
24999,2006
25000,2007
25001,2008
25004,2009
25015,2010
25022,2011
25026,2012
25032,2013
25034,2014
25035,2015
25041,2016
25042,2017
25044,2018
25062,2019
25077,2020
25087,2021
25094,2022
25096,2023
25098,2024
25099,2025
25100,2026
25101,2027
25102,2028
25103,2029
25104,2030
25105,2031
25106,2032
25109,2033
25110,2034
25111,2035
25112,2036
25114,2037
25115,2038
25119,2039
25121,2040
25122,2041
25124,2042
25125,2043
25130,2044
25132,2045
25134,2046
25139,2047
25140,2048
25143,2049
25149,2050
25150,2051
25151,2052
25152,2053
25153,2054
25155,2055
25159,2056
25160,2057
25161,2058
25163,2059
25164,2060
25165,2061
25166,2062
25169,2063
25170,2064
25171,2065
25172,2066
25176,2067
25179,2068
25187,2069
25190,2070
25191,2071
25193,2072
25194,2073
25195,2074
25196,2075
25197,2076
25198,2077
25199,2078
25200,2079
25203,2080
25206,2081
25209,2082
25212,2083
25214,2084
25215,2085
25216,2086
25220,2087
25225,2088
25226,2089
25233,2090
25234,2091
25235,2092
25237,2093
25238,2094
25239,2095
25240,2096
25242,2097
25243,2098
25247,2099
25248,2100
25249,2101
25250,2102
25252,2103
25253,2104
25256,2105
25259,2106
25260,2107
25265,2108
25269,2109
25273,2110
25275,2111
25276,2112
25277,2113
25279,2114
25282,2115
25284,2116
25285,2117
25286,2118
25287,2119
25288,2120
25289,2121
25290,2122
25292,2123
25293,2124
25294,2125
25296,2126
25298,2127
25299,2128
25300,2129
25302,2130
25303,2131
25304,2132
25305,2133
25306,2134
25307,2135
25308,2136
25311,2137
25314,2138
25315,2139
25317,2140
25318,2141
25319,2142
25320,2143
25321,2144
25324,2145
25325,2146
25326,2147
25327,2148
25329,2149
25331,2150
25332,2151
25334,2152
25335,2153
25340,2154
25341,2155
25342,2156
25343,2157
25345,2158
25346,2159
25351,2160
25352,2161
25353,2162
25358,2163
25361,2164
25366,2165
25370,2166
25371,2167
25373,2168
25374,2169
25375,2170
25376,2171
25377,2172
25378,2173
25379,2174
25380,2175
25381,2176
25384,2177
25386,2178
25387,2179
25391,2180
25394,2181
25401,2182
25402,2183
25405,2184
25410,2185
25411,2186
25413,2187
25414,2188
25417,2189
25419,2190
25420,2191
25421,2192
25422,2193
25423,2194
25424,2195
25429,2196
25438,2197
25439,2198
25441,2199
25442,2200
25443,2201
25447,2202
25449,2203
25453,2204
25454,2205
25457,2206
25462,2207
25463,2208
25466,2209
25467,2210
25472,2211
25474,2212
25479,2213
25480,2214
25481,2215
25482,2216
25484,2217
25486,2218
25487,2219
25488,2220
25490,2221
25494,2222
25496,2223
25504,2224
25506,2225
25507,2226
25509,2227
25511,2228
25512,2229
25513,2230
25514,2231
25516,2232
25517,2233
25518,2234
25520,2235
25523,2236
25524,2237
25527,2238
25528,2239
25530,2240
25532,2241
25534,2242
25540,2243
25542,2244
25545,2245
25549,2246
25550,2247
25551,2248
25552,2249
25554,2250
25558,2251
25566,2252
25568,2253
25569,2254
25571,2255
25577,2256
25578,2257
25581,2258
25586,2259
25588,2260
25590,2261
25592,2262
25597,2263
25599,2264
25600,2265
25601,2266
25602,2267
25605,2268
25611,2269
25612,2270
25615,2271
25616,2272
25619,2273
25620,2274
25627,2275
25628,2276
25630,2277
25632,2278
25633,2279
25638,2280
25642,2281
25644,2282
25645,2283
25652,2284
25658,2285
25661,2286
25663,2287
25665,2288
25668,2289
25669,2290
25670,2291
25671,2292
25672,2293
25674,2294
25682,2295
25684,2296
25688,2297
25694,2298
25703,2299
25705,2300
25709,2301
25720,2302
25721,2303
25722,2304
25730,2305
25732,2306
25733,2307
25735,2308
25745,2309
25746,2310
25749,2311
25750,2312
25753,2313
25758,2314
25764,2315
25769,2316
25772,2317
25773,2318
25774,2319
25776,2320
25781,2321
25783,2322
25784,2323
25786,2324
25788,2325
25792,2326
25794,2327
25797,2328
25805,2329
25806,2330
25808,2331
25810,2332
25815,2333
25816,2334
25822,2335
25826,2336
25828,2337
25830,2338
25856,2339
25865,2340
25874,2341
25880,2342
25893,2343
25899,2344
25902,2345
25903,2346
25908,2347
25909,2348
25910,2349
25912,2350
25913,2351
25915,2352
25918,2353
25919,2354
25925,2355
25928,2356
25929,2357
25932,2358
25935,2359
25937,2360
25941,2361
25942,2362
25945,2363
25947,2364
25949,2365
25950,2366
25954,2367
25955,2368
25958,2369
25963,2370
25964,2371
25968,2372
25970,2373
25972,2374
25975,2375
25991,2376
25995,2377
25996,2378
26000,2379
26001,2380
26003,2381
26007,2382
26009,2383
26011,2384
26012,2385
26015,2386
26017,2387
26020,2388
26021,2389
26023,2390
26025,2391
26027,2392
26029,2393
26031,2394
26032,2395
26041,2396
26044,2397
26045,2398
26049,2399
26051,2400
26052,2401
26053,2402
26054,2403
26059,2404
26060,2405
26062,2406
26063,2407
26066,2408
26070,2409
26071,2410
26080,2411
26082,2412
26085,2413
26086,2414
26087,2415
26088,2416
26089,2417
26092,2418
26093,2419
26094,2420
26095,2421
26096,2422
26097,2423
26102,2424
26103,2425
26106,2426
26112,2427
26114,2428
26115,2429
26118,2430
26122,2431
26124,2432
26126,2433
26127,2434
26131,2435
26132,2436
26133,2437
26137,2438
26141,2439
26143,2440
26144,2441
26149,2442
26151,2443
26152,2444
26157,2445
26159,2446
26161,2447
26164,2448
26165,2449
26166,2450
26172,2451
26174,2452
26177,2453
26179,2454
26187,2455
26188,2456
26191,2457
26194,2458
26195,2459
26196,2460
26197,2461
26198,2462
26199,2463
26202,2464
26207,2465
26209,2466
26212,2467
26214,2468
26216,2469
26222,2470
26223,2471
26224,2472
26228,2473
26230,2474
26231,2475
26234,2476
26238,2477
26242,2478
26244,2479
26247,2480
26252,2481
26257,2482
26262,2483
26263,2484
26269,2485
26279,2486
26280,2487
26286,2488
26292,2489
26297,2490
26302,2491
26329,2492
26331,2493
26332,2494
26333,2495
26342,2496
26345,2497
26352,2498
26354,2499
26355,2500
26356,2501
26359,2502
26361,2503
26364,2504
26366,2505
26367,2506
26368,2507
26376,2508
26377,2509
26378,2510
26379,2511
26381,2512
26384,2513
26388,2514
26389,2515
26391,2516
26395,2517
26397,2518
26399,2519
26406,2520
26408,2521
26410,2522
26411,2523
26412,2524
26413,2525
26415,2526
26417,2527
26420,2528
26421,2529
26426,2530
26429,2531
26432,2532
26434,2533
26435,2534
26438,2535
26440,2536
26441,2537
26444,2538
26446,2539
26447,2540
26448,2541
26449,2542
26451,2543
26454,2544
26460,2545
26462,2546
26463,2547
26464,2548
26465,2549
26469,2550
26472,2551
26473,2552
26474,2553
26477,2554
26479,2555
26480,2556
26482,2557
26483,2558
26485,2559
26487,2560
26492,2561
26494,2562
26495,2563
26497,2564
26500,2565
26503,2566
26505,2567
26507,2568
26512,2569
26517,2570
26519,2571
26520,2572
26522,2573
26524,2574
26525,2575
26526,2576
26530,2577
26531,2578
26533,2579
26535,2580
26536,2581
26538,2582
26539,2583
26541,2584
26543,2585
26544,2586
26547,2587
26549,2588
26550,2589
26551,2590
26552,2591
26561,2592
26563,2593
26564,2594
26575,2595
26576,2596
26577,2597
26578,2598
26579,2599
26580,2600
26584,2601
26585,2602
26586,2603
26588,2604
26589,2605
26590,2606
26592,2607
26594,2608
26597,2609
26601,2610
26604,2611
26607,2612
26608,2613
26609,2614
26611,2615
26612,2616
26621,2617
26623,2618
26624,2619
26629,2620
26631,2621
26632,2622
26633,2623
26634,2624
26635,2625
26636,2626
26638,2627
26639,2628
26641,2629
26643,2630
26646,2631
26647,2632
26653,2633
26657,2634
26665,2635
26666,2636
26674,2637
26675,2638
26679,2639
26680,2640
26681,2641
26684,2642
26685,2643
26686,2644
26688,2645
26689,2646
26690,2647
26691,2648
26692,2649
26693,2650
26694,2651
26696,2652
26697,2653
26698,2654
26700,2655
26702,2656
26704,2657
26705,2658
26707,2659
26708,2660
26709,2661
26720,2662
26721,2663
26722,2664
26723,2665
26724,2666
26725,2667
26726,2668
26727,2669
26728,2670
26729,2671
26731,2672
26740,2673
26742,2674
26743,2675
26753,2676
26755,2677
26757,2678
26758,2679
26767,2680
26771,2681
26775,2682
26786,2683
26790,2684
26791,2685
26792,2686
26797,2687
26799,2688
26800,2689
26803,2690
26805,2691
26816,2692
26818,2693
26825,2694
26827,2695
26829,2696
26834,2697
26837,2698
26840,2699
26842,2700
26848,2701
26851,2702
26862,2703
26864,2704
26865,2705
26869,2706
26873,2707
26874,2708
26876,2709
26881,2710
26885,2711
26891,2712
26893,2713
26894,2714
26896,2715
26898,2716
26911,2717
26912,2718
26916,2719
26925,2720
26928,2721
26932,2722
26937,2723
26941,2724
26943,2725
26946,2726
26964,2727
26967,2728
26970,2729
26973,2730
26974,2731
26976,2732
26979,2733
26982,2734
26987,2735
26990,2736
26993,2737
26999,2738
27000,2739
27001,2740
27004,2741
27008,2742
27010,2743
27012,2744
27014,2745
27015,2746
27016,2747
27017,2748
27021,2749
27028,2750
27029,2751
27032,2752
27035,2753
27036,2754
27047,2755
27048,2756
27051,2757
27053,2758
27057,2759
27060,2760
27063,2761
27067,2762
27073,2763
27082,2764
27084,2765
27086,2766
27088,2767
27092,2768
27099,2769
27103,2770
27104,2771
27117,2772
27122,2773
27133,2774
27135,2775
27146,2776
27159,2777
27160,2778
27167,2779
27169,2780
27176,2781
27178,2782
27183,2783
27185,2784
27189,2785
27197,2786
27198,2787
27204,2788
27207,2789
27216,2790
27224,2791
27225,2792
27227,2793
27233,2794
27237,2795
27249,2796
27257,2797
27260,2798
27264,2799
27268,2800
27278,2801
27280,2802
27281,2803
27287,2804
27296,2805
27305,2806
27307,2807
27308,2808
27424,2809
27425,2810
27426,2811
27427,2812
27428,2813
27431,2814
27442,2815
27447,2816
27449,2817
27450,2818
27454,2819
27459,2820
27462,2821
27463,2822
27465,2823
27468,2824
27481,2825
27490,2826
27491,2827
27492,2828
27493,2829
27494,2830
27495,2831
27498,2832
27513,2833
27515,2834
27516,2835
27521,2836
27522,2837
27523,2838
27524,2839
27526,2840
27527,2841
27529,2842
27530,2843
27531,2844
27533,2845
27538,2846
27539,2847
27542,2848
27546,2849
27547,2850
27553,2851
27562,2852
27571,2853
27572,2854
27573,2855
27575,2856
27583,2857
27585,2858
27586,2859
27589,2860
27595,2861
27597,2862
27599,2863
27602,2864
27603,2865
27604,2866
27605,2867
27606,2868
27607,2869
27609,2870
27611,2871
27617,2872
27626,2873
27627,2874
27631,2875
27635,2876
27637,2877
27641,2878
27645,2879
27653,2880
27654,2881
27655,2882
27661,2883
27663,2884
27664,2885
27665,2886
27667,2887
27668,2888
27669,2889
27670,2890
27672,2891
27673,2892
27674,2893
27675,2894
27679,2895
27681,2896
27682,2897
27684,2898
27686,2899
27687,2900
27688,2901
27689,2902
27690,2903
27694,2904
27695,2905
27696,2906
27698,2907
27700,2908
27701,2909
27704,2910
27709,2911
27712,2912
27713,2913
27714,2914
27718,2915
27719,2916
27721,2917
27722,2918
27728,2919
27732,2920
27733,2921
27735,2922
27739,2923
27740,2924
27741,2925
27742,2926
27743,2927
27744,2928
27745,2929
27748,2930
27752,2931
27753,2932
27754,2933
27760,2934
27762,2935
27764,2936
27766,2937
27769,2938
27773,2939
27774,2940
27777,2941
27778,2942
27779,2943
27781,2944
27782,2945
27784,2946
27785,2947
27788,2948
27791,2949
27792,2950
27795,2951
27796,2952
27801,2953
27803,2954
27807,2955
27809,2956
27811,2957
27812,2958
27813,2959
27814,2960
27815,2961
27817,2962
27818,2963
27819,2964
27821,2965
27822,2966
27825,2967
27826,2968
27827,2969
27832,2970
27833,2971
27835,2972
27836,2973
27837,2974
27838,2975
27839,2976
27844,2977
27845,2978
27849,2979
27850,2980
27852,2981
27856,2982
27859,2983
27860,2984
27861,2985
27862,2986
27863,2987
27867,2988
27870,2989
27872,2990
27873,2991
27874,2992
27875,2993
27877,2994
27880,2995
27882,2996
27883,2997
27886,2998
27887,2999
27888,3000
27889,3001
27891,3002
27893,3003
27894,3004
27895,3005
27896,3006
27898,3007
27899,3008
27900,3009
27901,3010
27902,3011
27905,3012
27908,3013
27911,3014
27915,3015
27916,3016
27918,3017
27922,3018
27927,3019
27929,3020
27930,3021
27931,3022
27934,3023
27941,3024
27943,3025
27946,3026
27947,3027
27950,3028
27953,3029
27954,3030
27955,3031
27957,3032
27961,3033
27963,3034
27964,3035
27965,3036
27966,3037
27969,3038
27971,3039
27973,3040
27974,3041
27975,3042
27976,3043
27978,3044
27979,3045
27981,3046
27982,3047
27983,3048
27985,3049
27986,3050
27987,3051
27988,3052
27993,3053
27994,3054
27996,3055
27998,3056
28000,3057
28003,3058
28006,3059
28009,3060
28010,3061
28014,3062
28015,3063
28020,3064
28023,3065
28024,3066
28028,3067
28034,3068
28037,3069
28040,3070
28041,3071
28044,3072
28046,3073
28049,3074
28051,3075
28052,3076
28053,3077
28059,3078
28061,3079
28062,3080
28063,3081
28064,3082
28065,3083
28067,3084
28068,3085
28070,3086
28071,3087
28072,3088
28073,3089
28074,3090
28075,3091
28078,3092
28079,3093
28082,3094
28085,3095
28088,3096
28095,3097
28096,3098
28100,3099
28101,3100
28102,3101
28103,3102
28107,3103
28108,3104
28113,3105
28118,3106
28120,3107
28121,3108
28125,3109
28126,3110
28128,3111
28129,3112
28132,3113
28134,3114
28139,3115
28140,3116
28142,3117
28145,3118
28147,3119
28151,3120
28153,3121
28155,3122
28156,3123
28165,3124
28170,3125
28172,3126
28173,3127
28174,3128
28176,3129
28177,3130
28180,3131
28182,3132
28183,3133
28186,3134
28189,3135
28192,3136
28193,3137
28195,3138
28196,3139
28197,3140
28201,3141
28203,3142
28205,3143
28207,3144
28210,3145
28212,3146
28216,3147
28218,3148
28227,3149
28228,3150
28237,3151
28238,3152
28243,3153
28244,3154
28246,3155
28248,3156
28251,3157
28255,3158
28267,3159
28270,3160
28286,3161
28287,3162
28291,3163
28293,3164
28294,3165
28297,3166
28303,3167
28304,3168
28312,3169
28316,3170
28319,3171
28322,3172
28325,3173
28327,3174
28330,3175
28335,3176
28337,3177
28338,3178
28340,3179
28342,3180
28343,3181
28346,3182
28347,3183
28349,3184
28353,3185
28354,3186
28359,3187
28363,3188
28367,3189
28369,3190
28371,3191
28372,3192
28373,3193
28375,3194
28378,3195
28382,3196
28383,3197
28384,3198
28385,3199
28386,3200
28388,3201
28389,3202
28390,3203
28392,3204
28393,3205
28404,3206
28409,3207
28418,3208
28422,3209
28425,3210
28431,3211
28435,3212
28436,3213
28437,3214
28448,3215
28452,3216
28457,3217
28458,3218
28459,3219
28461,3220
28463,3221
28465,3222
28467,3223
28470,3224
28478,3225
28486,3226
28487,3227
28491,3228
28493,3229
28504,3230
28508,3231
28510,3232
28514,3233
28518,3234
28525,3235
28526,3236
28530,3237
28532,3238
28536,3239
28538,3240
28540,3241
28548,3242
28552,3243
28553,3244
28556,3245
28557,3246
28558,3247
28572,3248
28577,3249
28583,3250
28595,3251
28598,3252
28601,3253
28608,3254
28610,3255
28617,3256
28625,3257
28626,3258
28638,3259
28640,3260
28641,3261
28654,3262
28655,3263
28689,3264
28698,3265
28699,3266
28707,3267
28725,3268
28729,3269
28748,3270
28751,3271
28766,3272
28779,3273
28780,3274
28781,3275
28783,3276
28784,3277
28789,3278
28790,3279
28792,3280
28796,3281
28798,3282
28799,3283
28800,3284
28805,3285
28809,3286
28810,3287
28814,3288
28818,3289
28820,3290
28821,3291
28822,3292
28825,3293
28828,3294
28829,3295
28843,3296
28844,3297
28845,3298
28846,3299
28847,3300
28849,3301
28851,3302
28855,3303
28856,3304
28857,3305
28859,3306
28860,3307
28861,3308
28864,3309
28865,3310
28866,3311
28867,3312
28872,3313
28874,3314
28888,3315
28889,3316
28891,3317
28895,3318
28900,3319
28902,3320
28903,3321
28904,3322
28905,3323
28907,3324
28908,3325
28909,3326
28911,3327
28919,3328
28921,3329
28925,3330
28937,3331
28938,3332
28944,3333
28947,3334
28949,3335
28950,3336
28952,3337
28953,3338
28954,3339
28966,3340
28975,3341
28976,3342
28977,3343
28982,3344
28997,3345
29002,3346
29004,3347
29006,3348
29020,3349
29022,3350
29028,3351
29030,3352
29031,3353
29032,3354
29038,3355
29042,3356
29043,3357
29048,3358
29050,3359
29053,3360
29060,3361
29066,3362
29071,3363
29076,3364
29080,3365
29081,3366
29087,3367
29088,3368
29096,3369
29100,3370
29107,3371
29109,3372
29113,3373
29123,3374
29134,3375
29140,3376
29141,3377
29152,3378
29157,3379
29159,3380
29166,3381
29177,3382
29190,3383
29213,3384
29224,3385
29226,3386
29228,3387
29232,3388
29233,3389
29237,3390
29238,3391
29239,3392
29240,3393
29241,3394
29243,3395
29245,3396
29247,3397
29255,3398
29256,3399
29260,3400
29261,3401
29266,3402
29270,3403
29273,3404
29275,3405
29277,3406
29279,3407
29281,3408
29282,3409
29286,3410
29287,3411
29289,3412
29294,3413
29295,3414
29298,3415
29301,3416
29305,3417
29306,3418
29310,3419
29311,3420
29312,3421
29313,3422
29316,3423
29322,3424
29323,3425
29325,3426
29327,3427
29330,3428
29343,3429
29356,3430
29357,3431
29359,3432
29360,3433
29364,3434
29366,3435
29367,3436
29368,3437
29369,3438
29377,3439
29378,3440
29379,3441
29380,3442
29384,3443
29389,3444
29390,3445
29392,3446
29394,3447
29399,3448
29401,3449
29406,3450
29408,3451
29409,3452
29416,3453
29417,3454
29420,3455
29421,3456
29422,3457
29423,3458
29424,3459
29425,3460
29426,3461
29427,3462
29428,3463
29431,3464
29432,3465
29434,3466
29435,3467
29436,3468
29441,3469
29443,3470
29450,3471
29454,3472
29459,3473
29461,3474
29462,3475
29463,3476
29467,3477
29468,3478
29469,3479
29470,3480
29473,3481
29474,3482
29477,3483
29481,3484
29482,3485
29483,3486
29484,3487
29486,3488
29489,3489
29492,3490
29495,3491
29496,3492
29497,3493
29502,3494
29503,3495
29517,3496
29520,3497
29522,3498
29527,3499
29536,3500
29548,3501
29549,3502
29551,3503
29566,3504
29572,3505
29575,3506
29577,3507
29579,3508
29582,3509
29585,3510
29590,3511
29595,3512
29599,3513
29602,3514
29609,3515
29611,3516
29614,3517
29615,3518
29616,3519
29618,3520
29619,3521
29623,3522
29626,3523
29627,3524
29632,3525
29634,3526
29640,3527
29641,3528
29642,3529
29645,3530
29647,3531
29648,3532
29649,3533
29657,3534
29662,3535
29664,3536
29669,3537
29671,3538
29673,3539
29677,3540
29682,3541
29699,3542
29701,3543
29702,3544
29705,3545
29706,3546
29711,3547
29712,3548
29722,3549
29723,3550
29730,3551
29733,3552
29734,3553
29736,3554
29738,3555
29740,3556
29742,3557
29744,3558
29747,3559
29748,3560
29749,3561
29750,3562
29756,3563
29761,3564
29781,3565
29783,3566
29785,3567
29786,3568
29787,3569
29788,3570
29790,3571
29791,3572
29805,3573
29808,3574
29814,3575
29815,3576
29822,3577
29824,3578
29825,3579
29827,3580
29831,3581
29835,3582
29838,3583
29840,3584
29852,3585
29854,3586
29863,3587
29864,3588
29865,3589
29882,3590
29906,3591
29916,3592
29918,3593
29920,3594
29922,3595
29923,3596
29924,3597
29926,3598
29934,3599
29935,3600
29940,3601
29942,3602
29943,3603
29951,3604
29956,3605
29965,3606
29967,3607
29969,3608
29971,3609
29976,3610
29977,3611
29978,3612
29980,3613
29983,3614
29989,3615
29992,3616
29993,3617
29995,3618
29996,3619
29997,3620
29999,3621
30000,3622
30001,3623
30002,3624
30003,3625
30005,3626
30007,3627
30008,3628
30010,3629
30011,3630
30014,3631
30016,3632
30021,3633
30024,3634
30027,3635
30028,3636
30030,3637
30031,3638
30036,3639
30041,3640
30042,3641
30043,3642
30044,3643
30053,3644
30054,3645
30058,3646
30066,3647
30068,3648
30072,3649
30073,3650
30079,3651
30083,3652
30086,3653
30091,3654
30095,3655
30097,3656
30098,3657
30100,3658
30102,3659
30103,3660
30105,3661
30106,3662
30109,3663
30111,3664
30112,3665
30113,3666
30115,3667
30116,3668
30117,3669
30123,3670
30124,3671
30126,3672
30127,3673
30128,3674
30129,3675
30130,3676
30131,3677
30132,3678
30133,3679
30136,3680
30137,3681
30140,3682
30141,3683
30142,3684
30146,3685
30147,3686
30148,3687
30149,3688
30151,3689
30152,3690
30153,3691
30154,3692
30157,3693
30162,3694
30164,3695
30165,3696
30166,3697
30168,3698
30171,3699
30174,3700
30178,3701
30179,3702
30180,3703
30182,3704
30183,3705
30184,3706
30186,3707
30187,3708
30192,3709
30193,3710
30196,3711
30201,3712
30204,3713
30207,3714
30208,3715
30209,3716
30211,3717
30213,3718
30218,3719
30220,3720
30224,3721
30229,3722
30231,3723
30232,3724
30233,3725
30235,3726
30239,3727
30240,3728
30242,3729
30244,3730
30245,3731
30246,3732
30249,3733
30250,3734
30251,3735
30253,3736
30256,3737
30259,3738
30260,3739
30261,3740
30264,3741
30268,3742
30270,3743
30271,3744
30272,3745
30275,3746
30284,3747
30285,3748
30292,3749
30294,3750
30300,3751
30302,3752
30307,3753
30315,3754
30319,3755
30328,3756
30331,3757
30333,3758
30334,3759
30338,3760
30340,3761
30342,3762
30343,3763
30344,3764
30347,3765
30350,3766
30353,3767
30355,3768
30358,3769
30361,3770
30372,3771
30382,3772
30385,3773
30386,3774
30388,3775
30399,3776
30402,3777
30405,3778
30406,3779
30408,3780
30410,3781
30413,3782
30414,3783
30415,3784
30416,3785
30417,3786
30418,3787
30420,3788
30422,3789
30423,3790
30424,3791
30427,3792
30431,3793
30437,3794
30446,3795
30447,3796
30449,3797
30450,3798
30452,3799
30456,3800
30457,3801
30460,3802
30462,3803
30465,3804
30468,3805
30471,3806
30472,3807
30473,3808
30475,3809
30477,3810
30489,3811
30490,3812
30495,3813
30496,3814
30498,3815
30502,3816
30504,3817
30505,3818
30509,3819
30511,3820
30517,3821
30518,3822
30519,3823
30520,3824
30522,3825
30524,3826
30528,3827
30529,3828
30531,3829
30535,3830
30544,3831
30545,3832
30554,3833
30555,3834
30561,3835
30562,3836
30563,3837
30565,3838
30566,3839
30568,3840
30571,3841
30572,3842
30585,3843
30589,3844
30590,3845
30591,3846
30592,3847
30596,3848
30597,3849
30604,3850
30605,3851
30606,3852
30609,3853
30610,3854
30623,3855
30624,3856
30626,3857
30629,3858
30631,3859
30633,3860
30634,3861
30636,3862
30640,3863
30643,3864
30645,3865
30651,3866
30653,3867
30655,3868
30669,3869
30679,3870
30683,3871
30684,3872
30690,3873
30691,3874
30693,3875
30695,3876
30697,3877
30699,3878
30700,3879
30701,3880
30702,3881
30707,3882
30710,3883
30712,3884
30717,3885
30718,3886
30719,3887
30720,3888
30721,3889
30722,3890
30729,3891
30732,3892
30733,3893
30737,3894
30738,3895
30740,3896
30742,3897
30743,3898
30744,3899
30746,3900
30748,3901
30749,3902
30751,3903
30755,3904
30757,3905
30758,3906
30759,3907
30761,3908
30764,3909
30765,3910
30768,3911
30772,3912
30775,3913
30776,3914
30777,3915
30778,3916
30779,3917
30780,3918
30782,3919
30784,3920
30789,3921
30791,3922
30796,3923
30798,3924
30800,3925
30802,3926
30805,3927
30806,3928
30807,3929
30813,3930
30826,3931
30827,3932
30828,3933
30829,3934
30830,3935
30839,3936
30844,3937
30855,3938
30857,3939
30860,3940
30861,3941
30862,3942
30865,3943
30867,3944
30871,3945
30872,3946
30874,3947
30875,3948
30876,3949
30879,3950
30881,3951
30883,3952
30885,3953
30887,3954
30896,3955
30897,3956
30898,3957
30899,3958
30900,3959
30905,3960
30910,3961
30913,3962
30917,3963
30921,3964
30922,3965
30923,3966
30928,3967
30932,3968
30933,3969
30937,3970
30952,3971
30956,3972
30962,3973
30964,3974
30967,3975
30970,3976
30977,3977
30981,3978
30995,3979
31006,3980
31012,3981
31028,3982
31034,3983
31035,3984
31036,3985
31038,3986
31040,3987
31041,3988
31046,3989
31048,3990
31049,3991
31059,3992
31062,3993
31063,3994
31066,3995
31067,3996
31068,3997
31069,3998
31070,3999
31071,4000
31072,4001
31074,4002
31077,4003
31079,4004
31080,4005
31085,4006
31087,4007
31095,4008
31096,4009
31098,4010
31104,4011
31105,4012
31108,4013
31109,4014
31114,4015
31119,4016
31130,4017
31143,4018
31155,4019
31161,4020
31162,4021
31163,4022
31165,4023
31166,4024
31168,4025
31169,4026
31171,4027
31174,4028
31177,4029
31179,4030
31181,4031
31185,4032
31186,4033
31189,4034
31192,4035
31199,4036
31203,4037
31204,4038
31206,4039
31207,4040
31209,4041
31211,4042
31213,4043
31215,4044
31216,4045
31224,4046
31227,4047
31229,4048
31232,4049
31234,4050
31235,4051
31238,4052
31243,4053
31245,4054
31246,4055
31252,4056
31255,4057
31258,4058
31262,4059
31264,4060
31267,4061
31283,4062
31287,4063
31289,4064
31291,4065
31292,4066
31293,4067
31295,4068
31302,4069
31313,4070
31319,4071
31344,4072
31348,4073
31350,4074
31351,4075
31352,4076
31353,4077
31354,4078
31359,4079
31360,4080
31361,4081
31363,4082
31364,4083
31366,4084
31368,4085
31373,4086
31377,4087
31378,4088
31381,4089
31382,4090
31383,4091
31384,4092
31388,4093
31389,4094
31391,4095
31392,4096
31397,4097
31398,4098
31400,4099
31404,4100
31405,4101
31411,4102
31423,4103
31435,4104
31446,4105
31449,4106
31454,4107
31455,4108
31456,4109
31459,4110
31461,4111
31462,4112
31469,4113
31471,4114
31481,4115
31482,4116
31485,4117
31487,4118
31491,4119
31492,4120
31494,4121
31496,4122
31498,4123
31499,4124
31503,4125
31505,4126
31508,4127
31509,4128
31513,4129
31515,4130
31518,4131
31520,4132
31524,4133
31525,4134
31526,4135
31528,4136
31530,4137
31531,4138
31532,4139
31534,4140
31537,4141
31539,4142
31544,4143
31546,4144
31548,4145
31550,4146
31557,4147
31559,4148
31561,4149
31563,4150
31564,4151
31567,4152
31568,4153
31569,4154
31570,4155
31572,4156
31574,4157
31576,4158
31578,4159
31579,4160
31581,4161
31584,4162
31586,4163
31598,4164
31601,4165
31602,4166
31605,4167
31607,4168
31609,4169
31611,4170
31614,4171
31616,4172
31621,4173
31629,4174
31632,4175
31636,4176
31637,4177
31639,4178
31644,4179
31645,4180
31649,4181
31650,4182
31654,4183
31655,4184
31656,4185
31657,4186
31658,4187
31659,4188
31660,4189
31661,4190
31665,4191
31668,4192
31672,4193
31681,4194
31686,4195
31687,4196
31692,4197
31697,4198
31699,4199
31705,4200
31706,4201
31709,4202
31713,4203
31717,4204
31718,4205
31722,4206
31726,4207
31729,4208
31735,4209
31740,4210
31742,4211
31751,4212
31755,4213
31756,4214
31759,4215
31766,4216
31775,4217
31782,4218
31783,4219
31786,4220
31800,4221
31807,4222
31808,4223
31809,4224
31821,4225
31859,4226
31860,4227
31867,4228
31868,4229
31869,4230
31881,4231
31889,4232
31890,4233
31893,4234
31895,4235
31896,4236
31900,4237
31901,4238
31902,4239
31903,4240
31906,4241
31908,4242
31909,4243
31914,4244
31918,4245
31921,4246
31922,4247
31923,4248
31929,4249
31932,4250
31933,4251
31934,4252
31937,4253
31941,4254
31943,4255
31944,4256
31946,4257
31948,4258
31949,4259
31957,4260
31958,4261
31959,4262
31961,4263
31964,4264
31967,4265
31968,4266
31976,4267
31983,4268
31992,4269
31995,4270
32010,4271
32032,4272
32034,4273
32039,4274
32043,4275
32047,4276
32110,4277
32119,4278
32166,4279
32174,4280
32315,4281
32321,4282
32327,4283
32386,4284
32411,4285
32415,4286
32416,4287
32417,4288
32418,4289
32419,4290
32420,4291
32421,4292
32422,4293
32423,4294
32424,4295
32425,4296
32426,4297
32427,4298
32428,4299
32429,4300
32431,4301
32432,4302
32433,4303
32434,4304
32435,4305
32437,4306
32438,4307
32439,4308
32440,4309
32441,4310
32442,4311
32445,4312
32446,4313
32447,4314
32448,4315
32449,4316
32450,4317
32451,4318
32452,4319
32453,4320
32454,4321
32455,4322
32456,4323
32457,4324
32458,4325
32459,4326
32460,4327
32461,4328
32462,4329
32463,4330
32464,4331
32465,4332
32466,4333
32467,4334
32468,4335
32469,4336
32471,4337
32472,4338
32473,4339
32474,4340
32475,4341
32476,4342
32477,4343
32478,4344
32479,4345
32480,4346
32481,4347
32482,4348
32483,4349
32485,4350
32486,4351
32487,4352
32488,4353
32489,4354
32490,4355
32491,4356
32493,4357
32494,4358
32495,4359
32496,4360
32497,4361
32498,4362
32499,4363
32500,4364
32501,4365
32502,4366
32503,4367
32504,4368
32506,4369
32507,4370
32508,4371
32509,4372
32510,4373
32511,4374
32512,4375
32513,4376
32514,4377
32515,4378
32516,4379
32517,4380
32518,4381
32519,4382
32520,4383
32521,4384
32523,4385
32524,4386
32525,4387
32526,4388
32527,4389
32529,4390
32530,4391
32531,4392
32532,4393
32533,4394
32534,4395
32535,4396
32536,4397
32537,4398
32538,4399
32539,4400
32540,4401
32541,4402
32543,4403
32544,4404
32545,4405
32546,4406
32547,4407
32548,4408
32549,4409
32550,4410
32551,4411
32552,4412
32553,4413
32554,4414
32555,4415
32556,4416
32557,4417
32558,4418
32559,4419
32560,4420
32561,4421
32562,4422
32563,4423
32564,4424
32565,4425
32566,4426
32568,4427
32570,4428
32578,4429
32580,4430
32581,4431
32592,4432
32593,4433
32596,4434
32597,4435
32599,4436
32600,4437
32602,4438
32607,4439
32609,4440
32610,4441
32616,4442
32617,4443
32618,4444
32622,4445
32625,4446
32626,4447
32628,4448
32633,4449
32638,4450
32641,4451
32650,4452
32652,4453
32654,4454
32660,4455
32666,4456
32669,4457
32670,4458
32671,4459
32673,4460
32676,4461
32679,4462
32687,4463
32688,4464
32690,4465
32696,4466
32697,4467
32700,4468
32701,4469
32703,4470
32705,4471
32709,4472
32714,4473
32716,4474
32718,4475
32724,4476
32725,4477
32728,4478
32735,4479
32736,4480
32737,4481
32741,4482
32742,4483
32745,4484
32750,4485
32752,4486
32753,4487
32755,4488
32763,4489
32764,4490
32768,4491
32769,4492
32771,4493
32772,4494
32773,4495
32774,4496
32779,4497
32780,4498
32781,4499
32784,4500
32786,4501
32788,4502
32789,4503
32790,4504
32791,4505
32792,4506
32793,4507
32796,4508
32800,4509
32802,4510
32805,4511
32806,4512
32807,4513
32808,4514
32809,4515
32810,4516
32817,4517
32819,4518
32821,4519
32822,4520
32823,4521
32824,4522
32827,4523
32829,4524
32831,4525
32834,4526
32835,4527
32838,4528
32842,4529
32843,4530
32844,4531
32845,4532
32850,4533
32852,4534
32856,4535
32858,4536
32873,4537
32874,4538
32881,4539
32895,4540
32896,4541
32899,4542
32900,4543
32902,4544
32903,4545
32905,4546
32907,4547
32908,4548
32915,4549
32918,4550
32920,4551
32922,4552
32923,4553
32924,4554
32925,4555
32927,4556
32928,4557
32929,4558
32930,4559
32932,4560
32933,4561
32937,4562
32938,4563
32939,4564
32941,4565
32942,4566
32943,4567
32945,4568
32946,4569
32948,4570
32951,4571
32954,4572
32956,4573
32957,4574
32958,4575
32959,4576
32960,4577
32961,4578
32962,4579
32963,4580
32964,4581
32966,4582
32972,4583
32973,4584
32974,4585
32982,4586
32983,4587
32985,4588
32986,4589
32987,4590
32988,4591
32989,4592
32990,4593
32993,4594
32996,4595
32997,4596
32999,4597
33000,4598
33001,4599
33002,4600
33003,4601
33004,4602
33005,4603
33007,4604
33008,4605
33009,4606
33010,4607
33011,4608
33012,4609
33014,4610
33016,4611
33018,4612
33020,4613
33021,4614
33026,4615
33030,4616
33033,4617
33034,4618
33037,4619
33038,4620
33039,4621
33040,4622
33041,4623
33042,4624
33043,4625
33044,4626
33046,4627
33048,4628
33050,4629
33054,4630
33068,4631
33071,4632
33073,4633
33074,4634
33078,4635
33080,4636
33086,4637
33094,4638
33096,4639
33098,4640
33099,4641
33100,4642
33104,4643
33105,4644
33107,4645
33108,4646
33109,4647
33113,4648
33114,4649
33120,4650
33125,4651
33127,4652
33129,4653
33133,4654
33134,4655
33136,4656
33137,4657
33140,4658
33145,4659
33146,4660
33147,4661
33148,4662
33149,4663
33150,4664
33151,4665
33152,4666
33154,4667
33160,4668
33162,4669
33167,4670
33169,4671
33176,4672
33179,4673
33180,4674
33181,4675
33187,4676
33190,4677
33192,4678
33194,4679
33203,4680
33210,4681
33211,4682
33216,4683
33217,4684
33218,4685
33219,4686
33222,4687
33226,4688
33228,4689
33251,4690
33255,4691
33258,4692
33260,4693
33261,4694
33267,4695
33268,4696
33275,4697
33276,4698
33278,4699
33280,4700
33281,4701
33282,4702
33284,4703
33285,4704
33286,4705
33292,4706
33293,4707
33296,4708
33298,4709
33300,4710
33307,4711
33308,4712
33310,4713
33311,4714
33313,4715
33314,4716
33315,4717
33320,4718
33322,4719
33323,4720
33324,4721
33325,4722
33327,4723
33328,4724
33329,4725
33331,4726
33332,4727
33333,4728
33334,4729
33335,4730
33336,4731
33337,4732
33339,4733
33342,4734
33348,4735
33351,4736
33353,4737
33355,4738
33359,4739
33368,4740
33370,4741
33375,4742
33384,4743
33390,4744
33391,4745
33392,4746
33394,4747
33395,4748
33396,4749
33401,4750
33402,4751
33405,4752
33406,4753
33407,4754
33410,4755
33412,4756
33416,4757
33418,4758
33419,4759
33421,4760
33422,4761
33423,4762
33425,4763
33426,4764
33431,4765
33432,4766
33433,4767
33436,4768
33437,4769
33439,4770
33441,4771
33444,4772
33445,4773
33446,4774
33448,4775
33449,4776
33450,4777
33451,4778
33452,4779
33453,4780
33454,4781
33455,4782
33456,4783
33457,4784
33459,4785
33460,4786
33463,4787
33464,4788
33465,4789
33469,4790
33470,4791
33473,4792
33476,4793
33479,4794
33480,4795
33482,4796
33483,4797
33484,4798
33485,4799
33486,4800
33487,4801
33489,4802
33490,4803
33491,4804
33492,4805
33493,4806
33495,4807
33496,4808
33499,4809
33500,4810
33502,4811
33503,4812
33504,4813
33505,4814
33507,4815
33508,4816
33509,4817
33510,4818
33515,4819
33519,4820
33521,4821
33524,4822
33527,4823
33529,4824
33531,4825
33537,4826
33538,4827
33539,4828
33540,4829
33541,4830
33542,4831
33543,4832
33544,4833
33545,4834
33548,4835
33550,4836
33551,4837
33553,4838
33556,4839
33557,4840
33559,4841
33562,4842
33563,4843
33564,4844
33575,4845
33576,4846
33579,4847
33580,4848
33581,4849
33583,4850
33585,4851
33587,4852
33588,4853
33589,4854
33590,4855
33592,4856
33593,4857
33594,4858
33596,4859
33600,4860
33603,4861
33606,4862
33607,4863
33609,4864
33615,4865
33616,4866
33617,4867
33618,4868
33620,4869
33626,4870
33627,4871
33628,4872
33630,4873
33631,4874
33632,4875
33633,4876
33635,4877
33636,4878
33637,4879
33638,4880
33639,4881
33640,4882
33641,4883
33642,4884
33643,4885
33644,4886
33645,4887
33646,4888
33647,4889
33655,4890
33656,4891
33659,4892
33660,4893
33661,4894
33669,4895
33670,4896
33673,4897
33678,4898
33682,4899
33683,4900
33688,4901
33691,4902
33692,4903
33694,4904
33696,4905
33704,4906
33705,4907
33706,4908
33707,4909
33712,4910
33713,4911
33714,4912
33715,4913
33716,4914
33718,4915
33719,4916
33720,4917
33721,4918
33722,4919
33724,4920
33725,4921
33728,4922
33729,4923
33733,4924
33735,4925
33738,4926
33740,4927
33743,4928
33748,4929
33750,4930
33752,4931
33756,4932
33757,4933
33759,4934
33760,4935
33761,4936
33765,4937
33769,4938
33770,4939
33776,4940
33777,4941
33778,4942
33784,4943
33785,4944
33789,4945
33793,4946
33795,4947
33796,4948
33798,4949
33803,4950
33804,4951
33805,4952
33806,4953
33807,4954
33809,4955
33816,4956
33820,4957
33821,4958
33828,4959
33829,4960
33830,4961
33831,4962
33832,4963
33841,4964
33848,4965
33852,4966
33853,4967
33862,4968
33873,4969
33879,4970
33881,4971
33882,4972
33883,4973
33884,4974
33889,4975
33891,4976
33897,4977
33899,4978
33900,4979
33901,4980
33905,4981
33907,4982
33909,4983
33910,4984
33912,4985
33914,4986
33922,4987
33927,4988
33928,4989
33929,4990
33931,4991
33932,4992
33934,4993
33943,4994
33945,4995
33948,4996
33953,4997
33967,4998
33970,4999
33972,5000
33976,5001
33977,5002
33978,5003
33981,5004
33983,5005
33985,5006
33988,5007
33993,5008
33994,5009
33997,5010
34000,5011
34001,5012
34003,5013
34006,5014
34013,5015
34015,5016
34016,5017
34019,5018
34021,5019
34022,5020
34028,5021
34032,5022
34044,5023
34047,5024
34060,5025
34065,5026
34067,5027
34071,5028
34074,5029
34079,5030
34081,5031
34091,5032
34092,5033
34103,5034
34104,5035
34105,5036
34106,5037
34107,5038
34108,5039
34109,5040
34115,5041
34120,5042
34121,5043
34122,5044
34134,5045
34137,5046
34142,5047
34148,5048
34152,5049
34162,5050
34164,5051
34169,5052
34170,5053
34171,5054
34174,5055
34180,5056
34181,5057
34183,5058
34191,5059
34203,5060
34204,5061
34212,5062
34216,5063
34218,5064
34222,5065
34223,5066
34224,5067
34231,5068
34233,5069
34241,5070
34249,5071
34255,5072
34256,5073
34259,5074
34261,5075
34268,5076
34276,5077
34281,5078
34299,5079
34303,5080
34309,5081
34321,5082
34326,5083
34343,5084
34345,5085
34360,5086
34364,5087
34381,5088
34382,5089
34383,5090
34384,5091
34385,5092
34388,5093
34394,5094
34398,5095
34402,5096
34411,5097
34412,5098
34414,5099
34417,5100
34425,5101
34426,5102
34427,5103
34428,5104
34429,5105
34430,5106
34431,5107
34432,5108
34433,5109
34434,5110
34442,5111
34443,5112
34444,5113
34445,5114
34451,5115
34453,5116
34460,5117
34461,5118
34467,5119
34468,5120
34471,5121
34472,5122
34473,5123
34474,5124
34476,5125
34479,5126
34480,5127
34481,5128
34484,5129
34485,5130
34486,5131
34490,5132
34496,5133
34500,5134
34502,5135
34503,5136
34505,5137
34506,5138
34507,5139
34510,5140
34511,5141
34512,5142
34513,5143
34516,5144
34520,5145
34521,5146
34523,5147
34526,5148
34527,5149
34532,5150
34537,5151
34541,5152
34542,5153
34544,5154
34545,5155
34546,5156
34547,5157
34548,5158
34552,5159
34553,5160
34558,5161
34560,5162
34562,5163
34563,5164
34567,5165
34568,5166
34569,5167
34570,5168
34573,5169
34578,5170
34579,5171
34581,5172
34583,5173
34584,5174
34586,5175
34588,5176
34590,5177
34593,5178
34594,5179
34595,5180
34597,5181
34601,5182
34606,5183
34609,5184
34612,5185
34615,5186
34619,5187
34622,5188
34623,5189
34631,5190
34632,5191
34633,5192
34636,5193
34638,5194
34643,5195
34647,5196
34649,5197
34656,5198
34659,5199
34660,5200
34661,5201
34670,5202
34672,5203
34676,5204
34678,5205
34683,5206
34684,5207
34685,5208
34686,5209
34690,5210
34691,5211
34693,5212
34696,5213
34699,5214
34701,5215
34707,5216
34711,5217
34719,5218
34728,5219
34731,5220
34732,5221
34733,5222
34735,5223
34739,5224
34741,5225
34746,5226
34749,5227
34752,5228
34758,5229
34762,5230
34763,5231
34769,5232
34770,5233
34771,5234
34779,5235
34784,5236
34789,5237
34794,5238
34798,5239
34809,5240
34814,5241
34819,5242
34826,5243
34835,5244
34837,5245
34838,5246
34843,5247
34849,5248
34850,5249
34866,5250
34873,5251
34876,5252
34880,5253
34884,5254
34885,5255
34892,5256
34893,5257
34900,5258
34903,5259
34905,5260
34913,5261
34914,5262
34915,5263
34916,5264
34917,5265
34920,5266
34921,5267
34923,5268
34924,5269
34926,5270
34928,5271
34930,5272
34935,5273
34941,5274
34942,5275
34943,5276
34945,5277
34946,5278
34948,5279
34949,5280
34952,5281
34955,5282
34957,5283
34962,5284
34966,5285
34972,5286
34978,5287
34980,5288
34987,5289
34989,5290
34993,5291
34999,5292
35004,5293
35009,5294
35010,5295
35013,5296
35014,5297
35017,5298
35022,5299
35026,5300
35028,5301
35029,5302
35032,5303
35033,5304
35039,5305
35042,5306
35043,5307
35044,5308
35045,5309
35048,5310
35056,5311
35057,5312
35059,5313
35060,5314
35064,5315
35065,5316
35068,5317
35070,5318
35074,5319
35082,5320
35088,5321
35090,5322
35091,5323
35097,5324
35098,5325
35099,5326
35105,5327
35109,5328
35114,5329
35115,5330
35120,5331
35124,5332
35126,5333
35137,5334
35140,5335
35166,5336
35167,5337
35174,5338
35195,5339
35199,5340
35201,5341
35203,5342
35206,5343
35265,5344
35266,5345
35268,5346
35269,5347
35270,5348
35271,5349
35272,5350
35273,5351
35274,5352
35275,5353
35276,5354
35278,5355
35279,5356
35280,5357
35281,5358
35282,5359
35286,5360
35290,5361
35292,5362
35294,5363
35299,5364
35301,5365
35302,5366
35307,5367
35311,5368
35315,5369
35328,5370
35335,5371
35390,5372
35400,5373
35449,5374
35465,5375
35466,5376
35475,5377
35591,5378
35622,5379
35686,5380
35692,5381
35744,5382
35745,5383
35746,5384
35747,5385
35748,5386
35749,5387
35750,5388
35751,5389
35752,5390
35753,5391
35754,5392
35755,5393
35757,5394
35758,5395
35759,5396
35760,5397
35762,5398
35763,5399
35764,5400
35765,5401
35766,5402
35767,5403
35768,5404
35769,5405
35770,5406
35772,5407
35773,5408
35774,5409
35775,5410
35776,5411
35777,5412
35778,5413
35779,5414
35780,5415
35781,5416
35782,5417
35784,5418
35785,5419
35786,5420
35787,5421
35788,5422
35789,5423
35790,5424
35791,5425
35793,5426
35794,5427
35795,5428
35796,5429
35797,5430
35798,5431
35799,5432
35800,5433
35801,5434
35802,5435
35803,5436
35804,5437
35805,5438
35806,5439
35807,5440
35808,5441
35809,5442
35810,5443
35811,5444
35812,5445
35813,5446
35814,5447
35815,5448
35816,5449
35817,5450
35819,5451
35820,5452
35821,5453
35822,5454
35823,5455
35824,5456
35825,5457
35826,5458
35827,5459
35828,5460
35829,5461
35830,5462
35831,5463
35832,5464
35833,5465
35834,5466
35835,5467
35836,5468
35837,5469
35838,5470
35839,5471
35840,5472
35841,5473
35842,5474
35843,5475
35844,5476
35845,5477
35846,5478
35847,5479
35848,5480
35850,5481
35851,5482
35852,5483
35853,5484
35854,5485
35855,5486
35856,5487
35857,5488
35858,5489
35859,5490
35860,5491
35861,5492
35862,5493
35863,5494
35864,5495
35865,5496
35866,5497
35867,5498
35868,5499
35869,5500
35871,5501
35872,5502
35873,5503
35874,5504
35875,5505
35876,5506
35877,5507
35878,5508
35879,5509
35880,5510
35881,5511
35882,5512
35883,5513
35884,5514
35885,5515
35886,5516
35887,5517
35888,5518
35889,5519
35890,5520
35891,5521
35892,5522
35893,5523
35894,5524
35895,5525
35905,5526
35910,5527
35911,5528
35913,5529
35916,5530
35925,5531
35930,5532
35937,5533
35938,5534
35946,5535
35947,5536
35955,5537
35960,5538
35961,5539
35962,5540
35970,5541
35973,5542
35977,5543
35978,5544
35980,5545
35988,5546
35992,5547
36125,5548
36126,5549
36127,5550
36129,5551
36130,5552
36131,5553
36132,5554
36133,5555
36134,5556
36135,5557
36136,5558
36137,5559
36138,5560
36139,5561
36140,5562
36141,5563
36142,5564
36143,5565
36144,5566
36145,5567
36146,5568
36147,5569
36148,5570
36149,5571
36150,5572
36151,5573
36152,5574
36153,5575
36154,5576
36155,5577
36156,5578
36157,5579
36158,5580
36159,5581
36160,5582
36161,5583
36162,5584
36163,5585
36164,5586
36165,5587
36166,5588
36167,5589
36168,5590
36169,5591
36170,5592
36171,5593
36172,5594
36173,5595
36174,5596
36175,5597
36176,5598
36179,5599
36180,5600
36181,5601
36182,5602
36184,5603
36185,5604
36186,5605
36187,5606
36188,5607
36189,5608
36190,5609
36192,5610
36193,5611
36194,5612
36195,5613
36196,5614
36198,5615
36199,5616
36203,5617
36205,5618
36208,5619
36211,5620
36212,5621
36213,5622
36214,5623
36215,5624
36225,5625
36228,5626
36229,5627
36234,5628
36235,5629
36241,5630
36244,5631
36255,5632
36259,5633
36273,5634
36275,5635
36276,5636
36277,5637
36280,5638
36282,5639
36284,5640
36286,5641
36287,5642
36291,5643
36292,5644
36294,5645
36299,5646
36300,5647
36302,5648
36303,5649
36305,5650
36310,5651
36311,5652
36314,5653
36315,5654
36317,5655
36318,5656
36319,5657
36323,5658
36324,5659
36328,5660
36330,5661
36331,5662
36332,5663
36335,5664
36339,5665
36341,5666
36343,5667
36344,5668
36345,5669
36346,5670
36347,5671
36349,5672
36357,5673
36361,5674
36362,5675
36364,5676
36367,5677
36372,5678
36381,5679
36382,5680
36383,5681
36386,5682
36387,5683
36393,5684
36394,5685
36396,5686
36398,5687
36399,5688
36401,5689
36405,5690
36409,5691
36410,5692
36413,5693
36416,5694
36417,5695
36418,5696
36420,5697
36423,5698
36424,5699
36425,5700
36426,5701
36427,5702
36433,5703
36434,5704
36441,5705
36454,5706
36457,5707
36460,5708
36461,5709
36463,5710
36464,5711
36466,5712
36468,5713
36470,5714
36476,5715
36479,5716
36481,5717
36485,5718
36487,5719
36495,5720
36496,5721
36500,5722
36508,5723
36510,5724
36523,5725
36524,5726
36527,5727
36530,5728
36538,5729
36558,5730
36710,5731
36711,5732
36712,5733
36713,5734
36715,5735
36716,5736
36717,5737
36718,5738
36719,5739
36720,5740
36721,5741
36722,5742
36723,5743
36724,5744
36725,5745
36726,5746
36727,5747
36728,5748
36729,5749
36730,5750
36731,5751
36732,5752
36733,5753
36734,5754
36735,5755
36737,5756
36738,5757
36739,5758
36740,5759
36741,5760
36742,5761
36743,5762
36744,5763
36745,5764
36746,5765
36747,5766
36749,5767
36750,5768
36751,5769
36752,5770
36753,5771
36755,5772
36756,5773
36757,5774
36758,5775
36759,5776
36760,5777
36761,5778
36762,5779
36763,5780
36764,5781
36766,5782
36767,5783
36771,5784
36776,5785
36777,5786
36779,5787
36784,5788
36785,5789
36790,5790
36793,5791
36797,5792
36798,5793
36801,5794
36802,5795
36804,5796
36805,5797
36807,5798
36808,5799
36814,5800
36816,5801
36817,5802
36819,5803
36820,5804
36821,5805
36824,5806
36825,5807
36827,5808
36828,5809
36829,5810
36830,5811
36831,5812
36834,5813
36836,5814
36837,5815
36838,5816
36840,5817
36841,5818
36842,5819
36843,5820
36845,5821
36846,5822
36848,5823
36851,5824
36855,5825
36856,5826
36857,5827
36861,5828
36864,5829
36865,5830
36866,5831
36867,5832
36868,5833
36869,5834
36870,5835
36873,5836
36874,5837
36875,5838
36877,5839
36879,5840
36880,5841
36881,5842
36882,5843
36884,5844
36886,5845
36887,5846
36890,5847
36891,5848
36893,5849
36894,5850
36895,5851
36896,5852
36897,5853
36898,5854
36902,5855
36909,5856
36910,5857
36911,5858
36917,5859
36918,5860
36920,5861
36923,5862
36924,5863
36926,5864
36929,5865
36930,5866
36932,5867
36935,5868
36941,5869
36943,5870
36944,5871
36945,5872
36946,5873
36947,5874
36951,5875
36952,5876
36955,5877
36962,5878
36963,5879
36965,5880
36968,5881
36973,5882
36974,5883
36980,5884
36981,5885
36989,5886
36991,5887
36992,5888
36994,5889
36995,5890
37000,5891
37003,5892
37009,5893
37011,5894
37013,5895
37015,5896
37017,5897
37019,5898
37021,5899
37025,5900
37026,5901
37027,5902
37030,5903
37034,5904
37036,5905
37038,5906
37039,5907
37040,5908
37041,5909
37043,5910
37044,5911
37045,5912
37046,5913
37048,5914
37049,5915
37050,5916
37051,5917
37054,5918
37057,5919
37060,5920
37061,5921
37063,5922
37066,5923
37070,5924
37071,5925
37072,5926
37073,5927
37075,5928
37079,5929
37083,5930
37084,5931
37085,5932
37089,5933
37090,5934
37094,5935
37095,5936
37096,5937
37099,5938
37101,5939
37103,5940
37108,5941
37112,5942
37117,5943
37118,5944
37122,5945
37124,5946
37145,5947
37150,5948
37154,5949
37155,5950
37167,5951
37169,5952
37177,5953
37187,5954
37190,5955
37193,5956
37194,5957
37195,5958
37196,5959
37197,5960
37198,5961
37199,5962
37200,5963
37202,5964
37207,5965
37210,5966
37213,5967
37214,5968
37217,5969
37218,5970
37219,5971
37220,5972
37221,5973
37225,5974
37226,5975
37228,5976
37230,5977
37231,5978
37232,5979
37233,5980
37234,5981
37236,5982
37237,5983
37238,5984
37239,5985
37240,5986
37241,5987
37245,5988
37246,5989
37247,5990
37253,5991
37255,5992
37257,5993
37259,5994
37260,5995
37261,5996
37264,5997
37265,5998
37266,5999
37274,6000
37275,6001
37282,6002
37283,6003
37290,6004
37293,6005
37294,6006
37295,6007
37300,6008
37301,6009
37306,6010
37319,6011
37321,6012
37322,6013
37324,6014
37325,6015
37326,6016
37327,6017
37329,6018
37340,6019
37492,6020
37518,6021
37550,6022
37576,6023
37694,6024
37738,6025
37775,6026
37834,6027
37846,6028
37950,6029
37995,6030
38021,6031
38022,6032
38023,6033
38024,6034
38025,6035
38026,6036
38027,6037
38028,6038
38029,6039
38030,6040
38031,6041
38032,6042
38034,6043
38035,6044
38036,6045
38037,6046
38039,6047
38041,6048
38042,6049
38043,6050
38044,6051
38045,6052
38046,6053
38047,6054
38048,6055
38049,6056
38050,6057
38051,6058
38052,6059
38053,6060
38054,6061
38055,6062
38056,6063
38057,6064
38058,6065
38059,6066
38060,6067
38061,6068
38062,6069
38063,6070
38064,6071
38065,6072
38066,6073
38067,6074
38068,6075
38069,6076
38070,6077
38071,6078
38072,6079
38073,6080
38074,6081
38075,6082
38076,6083
38077,6084
38078,6085
38079,6086
38080,6087
38081,6088
38082,6089
38083,6090
38084,6091
38085,6092
38086,6093
38088,6094
38089,6095
38090,6096
38091,6097
38092,6098
38093,6099
38094,6100
38096,6101
38097,6102
38098,6103
38101,6104
38102,6105
38103,6106
38104,6107
38105,6108
38107,6109
38108,6110
38109,6111
38110,6112
38111,6113
38112,6114
38113,6115
38114,6116
38115,6117
38116,6118
38117,6119
38119,6120
38120,6121
38121,6122
38122,6123
38123,6124
38124,6125
38125,6126
38126,6127
38127,6128
38128,6129
38129,6130
38130,6131
38131,6132
38132,6133
38133,6134
38134,6135
38135,6136
38136,6137
38137,6138
38138,6139
38140,6140
38141,6141
38142,6142
38143,6143
38144,6144
38145,6145
38146,6146
38147,6147
38148,6148
38149,6149
38150,6150
38151,6151
38152,6152
38153,6153
38154,6154
38155,6155
38156,6156
38157,6157
38158,6158
38159,6159
38160,6160
38161,6161
38162,6162
38163,6163
38164,6164
38165,6165
38166,6166
38167,6167
38168,6168
38169,6169
38170,6170
38171,6171
38173,6172
38174,6173
38175,6174
38177,6175
38178,6176
38179,6177
38180,6178
38181,6179
38182,6180
38184,6181
38185,6182
38186,6183
38187,6184
38188,6185
38189,6186
38190,6187
38191,6188
38192,6189
38193,6190
38194,6191
38196,6192
38197,6193
38198,6194
38199,6195
38200,6196
38201,6197
38202,6198
38203,6199
38204,6200
38206,6201
38207,6202
38208,6203
38209,6204
38210,6205
38212,6206
38213,6207
38214,6208
38215,6209
38217,6210
38218,6211
38220,6212
38221,6213
38222,6214
38223,6215
38224,6216
38225,6217
38226,6218
38227,6219
38228,6220
38230,6221
38231,6222
38232,6223
38233,6224
38235,6225
38236,6226
38237,6227
38238,6228
38239,6229
38241,6230
38242,6231
38243,6232
38244,6233
38245,6234
38246,6235
38247,6236
38248,6237
38249,6238
38250,6239
38251,6240
38252,6241
38253,6242
38255,6243
38256,6244
38257,6245
38258,6246
38259,6247
38262,6248
38271,6249
38376,6250
38377,6251
38378,6252
38379,6253
38381,6254
38382,6255
38383,6256
38384,6257
38385,6258
38386,6259
38387,6260
38388,6261
38389,6262
38390,6263
38391,6264
38392,6265
38393,6266
38394,6267
38395,6268
38396,6269
38397,6270
38398,6271
38400,6272
38401,6273
38402,6274
38403,6275
38404,6276
38405,6277
38406,6278
38408,6279
38409,6280
38410,6281
38411,6282
38412,6283
38413,6284
38414,6285
38415,6286
38416,6287
38417,6288
38418,6289
38420,6290
38421,6291
38422,6292
38423,6293
38425,6294
38426,6295
38428,6296
38429,6297
38431,6298
38433,6299
38434,6300
38442,6301
38446,6302
38449,6303
38450,6304
38451,6305
38452,6306
38453,6307
38454,6308
38459,6309
38460,6310
38461,6311
38463,6312
38464,6313
38466,6314
38468,6315
38469,6316
38470,6317
38471,6318
38472,6319
38473,6320
38475,6321
38476,6322
38477,6323
38480,6324
38484,6325
38485,6326
38491,6327
38495,6328
38497,6329
38498,6330
38500,6331
38503,6332
38504,6333
38505,6334
38506,6335
38508,6336
38514,6337
38516,6338
38517,6339
38518,6340
38519,6341
38533,6342
38534,6343
38536,6344
38539,6345
38541,6346
38543,6347
38544,6348
38548,6349
38551,6350
38552,6351
38553,6352
38556,6353
38567,6354
38576,6355
38579,6356
38582,6357
38585,6358
38588,6359
38589,6360
38590,6361
38592,6362
38593,6363
38596,6364
38597,6365
38598,6366
38599,6367
38601,6368
38604,6369
38605,6370
38606,6371
38607,6372
38610,6373
38613,6374
38624,6375
38632,6376
38633,6377
38634,6378
38639,6379
38643,6380
38646,6381
38647,6382
38649,6383
38654,6384
38656,6385
38657,6386
38660,6387
38662,6388
38663,6389
38664,6390
38665,6391
38669,6392
38670,6393
38671,6394
38675,6395
38678,6396
38684,6397
38686,6398
38698,6399
38701,6400
38704,6401
38706,6402
38712,6403
38713,6404
38718,6405
38738,6406
38739,6407
38742,6408
38745,6409
38747,6410
38750,6411
38752,6412
38753,6413
38754,6414
38757,6415
38761,6416
38771,6417
38772,6418
38774,6419
38780,6420
38789,6421
38795,6422
38797,6423
38801,6424
38802,6425
38804,6426
38808,6427
38816,6428
38819,6429
38827,6430
38829,6431
38831,6432
38834,6433
38836,6434
38886,6435
38887,6436
38889,6437
38890,6438
38891,6439
38892,6440
38893,6441
38899,6442
38901,6443
38902,6444
39029,6445
39030,6446
39031,6447
39032,6448
39033,6449
39034,6450
39035,6451
39036,6452
39037,6453
39038,6454
39039,6455
39040,6456
39041,6457
39042,6458
39043,6459
39044,6460
39045,6461
39046,6462
39047,6463
39048,6464
39049,6465
39050,6466
39052,6467
39053,6468
39055,6469
39056,6470
39057,6471
39059,6472
39060,6473
39062,6474
39063,6475
39064,6476
39066,6477
39067,6478
39068,6479
39069,6480
39070,6481
39071,6482
39072,6483
39073,6484
39074,6485
39076,6486
39077,6487
39078,6488
39079,6489
39118,6490
39121,6491
39122,6492
39123,6493
39125,6494
39128,6495
39129,6496
39130,6497
39134,6498
39135,6499
39143,6500
39144,6501
39181,6502
39184,6503
39214,6504
39252,6505
39253,6506
39267,6507
39269,6508
39271,6509
39272,6510
39273,6511
39274,6512
39275,6513
39276,6514
39277,6515
39278,6516
39279,6517
39280,6518
39281,6519
39282,6520
39284,6521
39285,6522
39286,6523
39287,6524
39290,6525
39292,6526
39293,6527
39295,6528
39296,6529
39297,6530
39300,6531
39301,6532
39302,6533
39303,6534
39304,6535
39306,6536
39307,6537
39309,6538
39311,6539
39312,6540
39313,6541
39314,6542
39315,6543
39316,6544
39317,6545
39318,6546
39319,6547
39320,6548
39321,6549
39333,6550
39336,6551
39532,6552
39533,6553
39534,6554
39535,6555
39536,6556
39537,6557
39539,6558
39540,6559
39541,6560
39542,6561
39543,6562
39544,6563
39545,6564
39546,6565
39547,6566
39548,6567
39549,6568
39550,6569
39551,6570
39552,6571
39553,6572
39554,6573
39556,6574
39557,6575
39558,6576
39559,6577
39560,6578
39562,6579
39563,6580
39564,6581
39567,6582
39568,6583
39569,6584
39570,6585
39571,6586
39574,6587
39575,6588
39576,6589
39578,6590
39579,6591
39580,6592
39581,6593
39582,6594
39583,6595
39584,6596
39585,6597
39586,6598
39587,6599
39588,6600
39589,6601
39591,6602
39592,6603
39600,6604
39601,6605
39606,6606
39607,6607
39608,6608
39610,6609
39612,6610
39616,6611
39617,6612
39618,6613
39621,6614
39627,6615
39628,6616
39633,6617
39635,6618
39640,6619
39647,6620
39649,6621
39654,6622
39659,6623
39661,6624
39663,6625
39673,6626
39675,6627
39683,6628
39688,6629
39695,6630
39699,6631
39711,6632
39715,6633
39727,6634
39730,6635
39739,6636
39740,6637
39745,6638
39746,6639
39747,6640
39748,6641
39749,6642
39751,6643
39752,6644
39753,6645
39757,6646
39759,6647
39761,6648
39764,6649
40060,6650
40063,6651
40065,6652
40066,6653
40069,6654
40070,6655
40071,6656
40072,6657
40075,6658
40077,6659
40078,6660
40080,6661
40081,6662
40082,6663
40084,6664
40085,6665
40090,6666
40091,6667
40092,6668
40094,6669
40095,6670
40096,6671
40097,6672
40098,6673
40099,6674
40100,6675
40101,6676
40102,6677
40103,6678
40104,6679
40105,6680
40107,6681
40109,6682
40110,6683
40112,6684
40113,6685
40114,6686
40115,6687
40116,6688
40117,6689
40118,6690
40119,6691
40120,6692
40122,6693
40123,6694
40124,6695
40125,6696
40131,6697
40132,6698
40133,6699
40134,6700
40135,6701
40138,6702
40139,6703
40140,6704
40141,6705
40142,6706
40143,6707
40144,6708
40147,6709
40148,6710
40149,6711
40150,6712
40151,6713
40152,6714
40153,6715
40156,6716
40157,6717
40158,6718
40159,6719
40162,6720
40479,6721
40480,6722
40481,6723
40482,6724
40483,6725
40485,6726
40486,6727
40488,6728
40489,6729
40490,6730
40491,6731
40492,6732
40493,6733
40495,6734
40497,6735
40498,6736
40499,6737
40501,6738
40502,6739
40503,6740
40504,6741
40505,6742
40506,6743
40509,6744
40510,6745
40511,6746
40513,6747
40514,6748
40515,6749
40516,6750
40517,6751
40518,6752
40519,6753
40520,6754
40521,6755
40522,6756
40523,6757
40524,6758
40526,6759
40527,6760
40529,6761
40533,6762
40535,6763
40536,6764
40538,6765
40539,6766
40540,6767
40542,6768
40547,6769
40548,6770
40550,6771
40551,6772
40552,6773
40553,6774
40554,6775
40555,6776
40556,6777
40557,6778
40560,6779
40561,6780
40563,6781
40574,6782
40575,6783
40578,6784
40583,6785
40584,6786
40587,6787
40594,6788
40595,6789
40605,6790
40607,6791
40614,6792
40628,6793
40632,6794
40635,6795
40637,6796
40638,6797
40644,6798
40649,6799
40653,6800
40654,6801
40655,6802
40657,6803
40660,6804
40664,6805
40667,6806
40668,6807
40669,6808
40671,6809
40672,6810
40674,6811
40677,6812
40679,6813
40681,6814
40682,6815
40687,6816
40697,6817
40699,6818
40700,6819
40702,6820
40715,6821
40717,6822
40718,6823
40720,6824
40723,6825
40727,6826
40729,6827
40736,6828
40738,6829
40748,6830
40751,6831
40759,6832
40761,6833
40763,6834
40765,6835
40766,6836
40772,6837
40784,6838
40785,6839
40831,6840
40832,6841
40835,6842
40836,6843
40837,6844
40838,6845
40839,6846
40840,6847
40841,6848
40842,6849
40843,6850
40844,6851
40857,6852
40858,6853
40859,6854
40863,6855
40864,6856